1.919123111292719841e-03
1.094994693994522095e-02
4.617126658558845520e-02
1.587116271257400513e-01
3.659744560718536377e-01
7.077954411506652832e-01
1.062682747840881348e+00
1.232549786567687988e+00
1.222402334213256836e+00
1.126897454261779785e+00
9.563749432563781738e-01
7.518998980522155762e-01
5.302131772041320801e-01
3.373238742351531982e-01
2.092115134000778198e-01
1.330197155475616455e-01
8.492024242877960205e-02
5.774083361029624939e-02
3.299811482429504395e-02
1.796576380729675293e-02
